#biomass animals
0.98522493932606203
0.99562094662118406
0.98167475002919402
0.99128131325602897
1.0024752640320600
0.97148862747474896
1.0035012379856001
0.98859140313772897
1.0005052150753000
0.99550591972756297
1.0021235486640301
1.0168908649020600
0.98855969492296203
1.0028527895043300
1.0121708319646101
0.98212998759364301
0.97309441803384600
0.98059403868869299
0.98250316684954497
0.99358247213244300
0.98840135240720794
1.0190872880653301
1.0071013310918899
1.0080314271830899
1.0263413625257400
0.98002126764000597
1.0146772664179999
0.97346298409154497
1.0371593450551000
0.99340479369222401
0.97818424184280295
0.98819583439430003
0.99000699853841700
1.0147798625644500
0.99798424498329596
1.0310839835413801
1.0356258387022701
1.0252873177338599
1.0269820358751200
1.0242855290010799
0.97894030631760898
1.0305636048637801
1.0143646695350299
0.95547662403982903
0.97538628127282501
1.0331881457089300
