#biomass plants
1.0066580266120100
0.99461497842381796
0.98406251852908500
1.0161992556093800
0.98373950415134603
0.97870065222193603
1.0144968305233200
0.97981050089687605
0.98187997074833500
0.98447269811923099
0.96365324628935600
1.0245001364977500
0.98078165883482604
0.99978373038031998
1.0205026700992801
0.98565119183859795
0.98132251807057203
1.0311426933049199
1.0137882451051301
1.0301659095929701
0.99353120859200506
0.97799955956971996
0.98426796747364598
1.0054787231686000
0.99800842563006797
1.0286207129595000
0.96236632470645500
0.99272709052699004
1.0227384469007701
1.0073962149548501
1.0320810623453001
1.0341045767989701
1.0007107316517800
1.0005596082868200
1.0097166323757001
0.99258331821031698
1.0072846827632200
0.96765377519331597
0.98447559075562296
1.0206787979919900
1.0304107660636499
0.97027538558439796
0.96385109760572196
1.0025603864229200
1.0239307328013600
0.99493321942722901
0.97981646342379103
